Sitting_CID,Sitting_Date,Parliament Session Str,Parliament_Number,Session_Number,Volume_Number,Sitting_Number
014-001-095-051,2022-03-01T11:00:00,FIRST SESSION,14,1,95,51
